2.00818	8.84354
2.01956	8.75812
2.03094	8.67439
2.04232	8.59232
2.05369	8.51187
2.06507	8.43301
2.07645	8.3557
2.08783	8.27991
2.0992	8.20561
2.11058	8.13276
2.12196	8.06134
2.13334	7.99132
2.14472	7.92268
2.15609	7.85537
2.16747	7.78938
2.17885	7.72469
2.19023	7.66126
2.2016	7.59907
2.21298	7.5381
2.22436	7.47833
2.23574	7.41973
2.24712	7.36228
2.25849	7.30596
2.26987	7.25076
2.28125	7.19664
2.29263	7.1436
2.304	7.09161
2.31538	7.04065
2.32676	6.99072
2.33814	6.94178
2.34952	6.89383
2.36089	6.84684
2.37227	6.80081
2.38365	6.75572
2.39503	6.71154
2.4064	6.66828
2.41778	6.62591
2.42916	6.58442
2.44054	6.5438
2.45192	6.50403
2.46329	6.46511
2.47467	6.42702
2.48605	6.38975
2.49743	6.35329
2.50881	6.31762
2.52018	6.28274
2.53156	6.24864
2.54294	6.21531
2.55432	6.18273
2.56569	6.1509
2.57707	6.11981
2.58845	6.08946
2.59983	6.05982
2.61121	6.0309
2.62258	6.00269
2.63396	5.97517
2.64534	5.94835
2.65672	5.92222
2.66809	5.89676
2.67947	5.87197
2.69085	5.84785
2.70223	5.82439
2.71361	5.80159
2.72498	5.77943
2.73636	5.75792
2.74774	5.73705
2.75912	5.71681
2.77049	5.6972
2.78187	5.67822
2.79325	5.65985
2.80463	5.64211
2.81601	5.62498
2.82738	5.60846
2.83876	5.59255
2.85014	5.57724
2.86152	5.56253
2.87289	5.54843
2.88427	5.53492
2.89565	5.52201
2.90703	5.50969
2.91841	5.49796
2.92978	5.48682
2.94116	5.47627
2.95254	5.46631
2.96392	5.45694
2.97529	5.44815
2.98667	5.43995
2.99805	5.43233
3.00943	5.4253
3.02081	5.41886
3.03218	5.413
3.04356	5.40774
3.05494	5.40305
3.06632	5.39896
3.07769	5.39546
3.08907	5.39256
3.10045	5.39024
3.11183	5.38852
3.12321	5.3874
3.13458	5.38688
3.14596	5.38697
3.15734	5.38766
3.16872	5.38896
3.1801	5.39087
3.19147	5.3934
3.20285	5.39655
3.21423	5.40032
3.22561	5.40473
3.23698	5.40976
3.24836	5.41544
3.25974	5.42175
3.27112	5.42872
3.2825	5.43634
3.29387	5.44462
3.30525	5.45357
3.31663	5.4632
3.32801	5.4735
3.33938	5.48449
3.35076	5.49618
3.36214	5.50857
3.37352	5.52167
3.3849	5.53549
3.39627	5.55004
3.40765	5.56533
3.41903	5.58136
3.43041	5.59816
3.44178	5.61572
3.45316	5.63406
3.46454	5.65319
3.47592	5.67312
3.4873	5.69386
3.49867	5.71543
3.51005	5.73784
3.52143	5.7611
3.53281	5.78522
3.54418	5.81023
3.55556	5.83613
3.56694	5.86294
3.57832	5.89068
3.5897	5.91936
3.60107	5.949
3.61245	5.97962
3.62383	6.01123
3.63521	6.04386
3.64659	6.07752
3.65796	6.11223
3.66934	6.14802
3.68072	6.1849
3.6921	6.2229
3.70347	6.26205
3.71485	6.30236
3.72623	6.34385
3.73761	6.38657
3.74899	6.43052
3.76036	6.47575
3.77174	6.52227
3.78312	6.57011
3.7945	6.61931
3.80587	6.6699
3.81725	6.72191
3.82863	6.77537
3.84001	6.83031
3.85139	6.88678
3.86276	6.9448
3.87414	7.00443
3.88552	7.06569
3.8969	7.12862
3.90827	7.19327
3.91965	7.25969
3.93103	7.32791
3.94241	7.39798
3.95379	7.46995
3.96516	7.54388
3.97654	7.61981
3.98792	7.69779
3.9993	7.77788
4.01067	7.86014
4.02205	7.94463
4.03343	8.0314
4.04481	8.12052
4.05619	8.21205
4.06756	8.30607
4.07894	8.40264
4.09032	8.50183
4.1017	8.60371
4.11307	8.70838
4.12445	8.81589
4.13583	8.92635
4.14721	9.03982
4.15859	9.15641
4.16996	9.27619
4.18134	9.39928
4.19272	9.52575
4.2041	9.65571
4.21548	9.78928
4.22685	9.92655
4.23823	10.06762
4.24961	10.21264
4.26099	10.3617
4.27236	10.51492
4.28374	10.67245
4.29512	10.8344
4.3065	11.00092
4.31788	11.17212
4.32925	11.34817
4.34063	11.52921
4.35201	11.71539
4.36339	11.90687
4.37476	12.10379
4.38614	12.30634
4.39752	12.51468
4.4089	12.72898
4.42028	12.94942
4.43165	13.17619
4.44303	13.40947
4.45441	13.64946
4.46579	13.89634
4.47716	14.15032
4.48854	14.41162
4.49992	14.68042
4.5113	14.95695
4.52268	15.24142
4.53405	15.53404
4.54543	15.83505
4.55681	16.14464
4.56819	16.46306
4.57956	16.79054
4.59094	17.12728
4.60232	17.47352
4.6137	17.82947
4.62508	18.19536
4.63645	18.57141
4.64783	18.9578
4.65921	19.35478
4.67059	19.76249
4.68196	20.18115
4.69334	20.61094
4.70472	21.05198
4.7161	21.50444
4.72748	21.96845
4.73885	22.44407
4.75023	22.93143
4.76161	23.43053
4.77299	23.94139
4.78437	24.46403
4.79574	24.99834
4.80712	25.54426
4.8185	26.10158
4.82988	26.67013
4.84125	27.24968
4.85263	27.83984
4.86401	28.44024
4.87539	29.05045
4.88677	29.66987
4.89814	30.29793
4.90952	30.93385
4.9209	31.57687
4.93228	32.22611
4.94365	32.8805
4.95503	33.53901
4.96641	34.20036
4.97779	34.86328
4.98917	35.52637
5.00054	36.18806
5.01192	36.84674
5.0233	37.50073
5.03468	38.14815
5.04605	38.78717
5.05743	39.41576
5.06881	40.03194
5.08019	40.63364
5.09157	41.21871
5.10294	41.78509
5.11432	42.3306
5.1257	42.8532
5.13708	43.35087
5.14845	43.82161
5.15983	44.26356
5.17121	44.675
5.18259	45.05427
5.19397	45.39998
5.20534	45.71083
5.21672	45.98576
5.2281	46.22394
5.23948	46.42473
5.25086	46.58776
5.26223	46.71286
5.27361	46.80015
5.28499	46.84996
5.29637	46.86287
5.30774	46.83966
5.31912	46.78136
5.3305	46.68917
5.34188	46.56447
5.35326	46.40881
5.36463	46.22387
5.37601	46.01142
5.38739	45.77339
5.39877	45.51168
5.41014	45.22833
5.42152	44.92534
5.4329	44.60472
5.44428	44.26849
5.45566	43.91861
5.46703	43.55698
5.47841	43.18549
5.48979	42.80587
5.50117	42.41986
5.51254	42.02902
5.52392	41.63485
5.5353	41.23876
5.54668	40.84201
5.55806	40.44582
5.56943	40.05123
5.58081	39.65921
5.59219	39.27065
5.60357	38.88629
5.61494	38.50678
5.62632	38.13273
5.6377	37.76459
5.64908	37.40281
5.66046	37.04768
5.67183	36.69945
5.68321	36.35834
5.69459	36.02442
5.70597	35.69782
5.71734	35.37851
5.72872	35.06646
5.7401	34.76163
5.75148	34.46388
5.76286	34.17305
5.77423	33.889
5.78561	33.61149
5.79699	33.34034
5.80837	33.07527
5.81974	32.81602
5.83112	32.56233
5.8425	32.3139
5.85388	32.07046
5.86526	31.83169
5.87663	31.59727
5.88801	31.36693
5.89939	31.14033
5.91077	30.91718
5.92214	30.69716
5.93352	30.47997
5.9449	30.26533
5.95628	30.05293
5.96766	29.84247
5.97903	29.6337
5.99041	29.42633
6.00179	29.22011
6.01317	29.01477
6.02455	28.81007
6.03592	28.60579
6.0473	28.40168
6.05868	28.19755
6.07006	27.99319
6.08143	27.7884
6.09281	27.58301
6.10419	27.37685
6.11557	27.16976
6.12695	26.9616
6.13832	26.75222
6.1497	26.54152
6.16108	26.32937
6.17246	26.11568
6.18383	25.90036
6.19521	25.68333
6.20659	25.46452
6.21797	25.24389
6.22935	25.02137
6.24072	24.79695
6.2521	24.57059
6.26348	24.34227
6.27486	24.112
6.28623	23.87976
6.29761	23.6456
6.30899	23.40951
6.32037	23.17153
6.33175	22.9317
6.34312	22.69005
6.3545	22.44665
6.36588	22.20157
6.37726	21.95484
6.38863	21.70657
6.40001	21.45682
6.41139	21.20566
6.42277	20.95321
6.43415	20.69954
6.44552	20.44477
6.4569	20.189
6.46828	19.9323
6.47966	19.67483
6.49104	19.41666
6.50241	19.15794
6.51379	18.89878
6.52517	18.63927
6.53655	18.37957
6.54792	18.11979
6.5593	17.86003
6.57068	17.60044
6.58206	17.34113
6.59344	17.08224
6.60481	16.82389
6.61619	16.56618
6.62757	16.30927
6.63895	16.05324
6.65032	15.79825
6.6617	15.54439
6.67308	15.29177
6.68446	15.04054
6.69584	14.79079
6.70721	14.54261
6.71859	14.29614
6.72997	14.05145
6.74135	13.80869
6.75272	13.56791
6.7641	13.32921
6.77548	13.09271
6.78686	12.85846
6.79824	12.62659
6.80961	12.39714
6.82099	12.17018
6.83237	11.94583
6.84375	11.72411
6.85512	11.5051
6.8665	11.28887
6.87788	11.07545
6.88926	10.86493
6.90064	10.65734
6.91201	10.4527
6.92339	10.2511
6.93477	10.05253
6.94615	9.85706
6.95752	9.66468
6.9689	9.47543
6.98028	9.28936
6.99166	9.10645
7.00304	8.92672
7.01441	8.75018
7.02579	8.57684
7.03717	8.40672
7.04855	8.2398
7.05993	8.07606
7.0713	7.91554
7.08268	7.75818
7.09406	7.60402
7.10544	7.45299
7.11681	7.3051
7.12819	7.16035
7.13957	7.01868
7.15095	6.88007
7.16233	6.74452
7.1737	6.61197
7.18508	6.48242
7.19646	6.35581
7.20784	6.2321
7.21921	6.11128
7.23059	5.99329
7.24197	5.87811
7.25335	5.76569
7.26473	5.65597
7.2761	5.54894
7.28748	5.44454
7.29886	5.34271
7.31024	5.24344
7.32161	5.14665
7.33299	5.05232
7.34437	4.96038
7.35575	4.87079
7.36713	4.78351
7.3785	4.69848
7.38988	4.61567
7.40126	4.53502
7.41264	4.45647
7.42401	4.38
7.43539	4.30553
7.44677	4.23304
7.45815	4.16247
7.46953	4.09377
7.4809	4.0269
7.49228	3.96181
7.50366	3.89845
7.51504	3.83679
7.52642	3.77677
7.53779	3.71836
7.54917	3.6615
7.56055	3.60615
7.57193	3.55228
7.5833	3.49984
7.59468	3.44879
7.60606	3.39909
7.61744	3.3507
7.62881	3.30359
7.64019	3.25771
7.65157	3.21303
7.66295	3.16951
7.67433	3.12712
7.6857	3.08582
7.69708	3.04558
7.70846	3.00637